{
  "depot": {
    "name": "depot_1",
    "index": 0,
    "coordinate": {
      "lng": 127.07500381909662,
      "lat": 37.494726151895776
    }
  },
  "visits": [
    {
      "name": "visit_1",
      "index": 1,
      "service_time": 5,
      "coordinate": {
        "lng": 126.75601605434875,
        "lat": 37.4182826849803
      },
      "volume": 1,
      "weight": 1,
      "extra_demands": [
        1
      ],
      "time_window": [
        "2024-07-30T00:00:00",
        "2024-07-31T23:00:00"
      ],
      "unassigned_penalty": 1e+16
    },
    {
      "name": "visit_2",
      "index": 2,
      "service_time": 5,
      "coordinate": {
        "lng": 127.16936856377596,
        "lat": 37.68879923068993
      },
      "volume": 1,
      "weight": 1,
      "extra_demands": [
        1
      ],
      "time_window": [
        "2024-07-30T00:00:00",
        "2024-07-31T23:00:00"
      ],
      "unassigned_penalty": 1e+16
    },
    {
      "name": "visit_3",
      "index": 3,
      "service_time": 5,
      "coordinate": {
        "lng": 127.058772633085,
        "lat": 37.63348451247085
      },
      "volume": 1,
      "weight": 1,
      "extra_demands": [
        1
      ],
      "time_window": [
        "2024-07-30T00:00:00",
        "2024-07-31T23:00:00"
      ],
      "unassigned_penalty": 1e+16
    },
    {
      "name": "visit_4",
      "index": 4,
      "service_time": 5,
      "coordinate": {
        "lng": 127.02504768605708,
        "lat": 37.695535325323675
      },
      "volume": 1,
      "weight": 1,
      "extra_demands": [
        1
      ],
      "time_window": [
        "2024-07-30T00:00:00",
        "2024-07-31T23:00:00"
      ],
      "unassigned_penalty": 1e+16
    },
    {
      "name": "visit_5",
      "index": 5,
      "service_time": 5,
      "coordinate": {
        "lng": 127.1707512185047,
        "lat": 37.414120586152855
      },
      "volume": 1,
      "weight": 1,
      "extra_demands": [
        1
      ],
      "time_window": [
        "2024-07-30T00:00:00",
        "2024-07-31T23:00:00"
      ],
      "unassigned_penalty": 1e+16
    },
    {
      "name": "visit_6",
      "index": 6,
      "service_time": 5,
      "coordinate": {
        "lng": 127.19299020393659,
        "lat": 37.423431436464625
      },
      "volume": 1,
      "weight": 1,
      "extra_demands": [
        1
      ],
      "time_window": [
        "2024-07-30T00:00:00",
        "2024-07-31T23:00:00"
      ],
      "unassigned_penalty": 1e+16
    },
    {
      "name": "visit_7",
      "index": 7,
      "service_time": 5,
      "coordinate": {
        "lng": 127.12461583631547,
        "lat": 37.466313716867056
      },
      "volume": 1,
      "weight": 1,
      "extra_demands": [
        1
      ],
      "time_window": [
        "2024-07-30T00:00:00",
        "2024-07-31T23:00:00"
      ],
      "unassigned_penalty": 1e+16
    },
    {
      "name": "visit_8",
      "index": 8,
      "service_time": 5,
      "coordinate": {
        "lng": 127.19608093871472,
        "lat": 37.57672811325877
      },
      "volume": 1,
      "weight": 1,
      "extra_demands": [
        1
      ],
      "time_window": [
        "2024-07-30T00:00:00",
        "2024-07-31T23:00:00"
      ],
      "unassigned_penalty": 1e+16
    },
    {
      "name": "visit_9",
      "index": 9,
      "service_time": 5,
      "coordinate": {
        "lng": 126.89449929661288,
        "lat": 37.54087748815908
      },
      "volume": 1,
      "weight": 1,
      "extra_demands": [
        1
      ],
      "time_window": [
        "2024-07-30T00:00:00",
        "2024-07-31T23:00:00"
      ],
      "unassigned_penalty": 1e+16
    },
    {
      "name": "visit_10",
      "index": 10,
      "service_time": 5,
      "coordinate": {
        "lng": 126.74924339598884,
        "lat": 37.45080753989535
      },
      "volume": 1,
      "weight": 1,
      "extra_demands": [
        1
      ],
      "time_window": [
        "2024-07-30T00:00:00",
        "2024-07-31T23:00:00"
      ],
      "unassigned_penalty": 1e+16
    },
    {
      "name": "visit_11",
      "index": 11,
      "service_time": 5,
      "coordinate": {
        "lng": 127.09302095235441,
        "lat": 37.60864103498406
      },
      "volume": 1,
      "weight": 1,
      "extra_demands": [
        1
      ],
      "time_window": [
        "2024-07-30T00:00:00",
        "2024-07-31T23:00:00"
      ],
      "unassigned_penalty": 1e+16
    },
    {
      "name": "visit_12",
      "index": 12,
      "service_time": 5,
      "coordinate": {
        "lng": 127.06345549629256,
        "lat": 37.529102849300855
      },
      "volume": 1,
      "weight": 1,
      "extra_demands": [
        1
      ],
      "time_window": [
        "2024-07-30T00:00:00",
        "2024-07-31T23:00:00"
      ],
      "unassigned_penalty": 1e+16
    },
    {
      "name": "visit_13",
      "index": 13,
      "service_time": 5,
      "coordinate": {
        "lng": 127.26781768788278,
        "lat": 37.70934835782088
      },
      "volume": 1,
      "weight": 1,
      "extra_demands": [
        1
      ],
      "time_window": [
        "2024-07-30T00:00:00",
        "2024-07-31T23:00:00"
      ],
      "unassigned_penalty": 1e+16
    },
    {
      "name": "visit_14",
      "index": 14,
      "service_time": 5,
      "coordinate": {
        "lng": 127.10100520864368,
        "lat": 37.6096279774894
      },
      "volume": 1,
      "weight": 1,
      "extra_demands": [
        1
      ],
      "time_window": [
        "2024-07-30T00:00:00",
        "2024-07-31T23:00:00"
      ],
      "unassigned_penalty": 1e+16
    },
    {
      "name": "visit_15",
      "index": 15,
      "service_time": 5,
      "coordinate": {
        "lng": 127.10255990136983,
        "lat": 37.53068565369243
      },
      "volume": 1,
      "weight": 1,
      "extra_demands": [
        1
      ],
      "time_window": [
        "2024-07-30T00:00:00",
        "2024-07-31T23:00:00"
      ],
      "unassigned_penalty": 1e+16
    },
    {
      "name": "visit_16",
      "index": 16,
      "service_time": 5,
      "coordinate": {
        "lng": 126.80639302690062,
        "lat": 37.63106731911584
      },
      "volume": 1,
      "weight": 1,
      "extra_demands": [
        1
      ],
      "time_window": [
        "2024-07-30T00:00:00",
        "2024-07-31T23:00:00"
      ],
      "unassigned_penalty": 1e+16
    },
    {
      "name": "visit_17",
      "index": 17,
      "service_time": 5,
      "coordinate": {
        "lng": 127.01526876724708,
        "lat": 37.50693709747684
      },
      "volume": 1,
      "weight": 1,
      "extra_demands": [
        1
      ],
      "time_window": [
        "2024-07-30T00:00:00",
        "2024-07-31T23:00:00"
      ],
      "unassigned_penalty": 1e+16
    },
    {
      "name": "visit_18",
      "index": 18,
      "service_time": 5,
      "coordinate": {
        "lng": 126.99411722993075,
        "lat": 37.68177611843207
      },
      "volume": 1,
      "weight": 1,
      "extra_demands": [
        1
      ],
      "time_window": [
        "2024-07-30T00:00:00",
        "2024-07-31T23:00:00"
      ],
      "unassigned_penalty": 1e+16
    },
    {
      "name": "visit_19",
      "index": 19,
      "service_time": 5,
      "coordinate": {
        "lng": 127.23400944082769,
        "lat": 37.52129054437947
      },
      "volume": 1,
      "weight": 1,
      "extra_demands": [
        1
      ],
      "time_window": [
        "2024-07-30T00:00:00",
        "2024-07-31T23:00:00"
      ],
      "unassigned_penalty": 1e+16
    },
    {
      "name": "visit_20",
      "index": 20,
      "service_time": 5,
      "coordinate": {
        "lng": 127.03998305365234,
        "lat": 37.51044673513297
      },
      "volume": 1,
      "weight": 1,
      "extra_demands": [
        1
      ],
      "time_window": [
        "2024-07-30T00:00:00",
        "2024-07-31T23:00:00"
      ],
      "unassigned_penalty": 1e+16
    },
    {
      "name": "visit_21",
      "index": 21,
      "service_time": 5,
      "coordinate": {
        "lng": 127.05217023366363,
        "lat": 37.51528878639585
      },
      "volume": 1,
      "weight": 1,
      "extra_demands": [
        1
      ],
      "time_window": [
        "2024-07-30T00:00:00",
        "2024-07-31T23:00:00"
      ],
      "unassigned_penalty": 1e+16
    },
    {
      "name": "visit_22",
      "index": 22,
      "service_time": 5,
      "coordinate": {
        "lng": 126.94369027955769,
        "lat": 37.682013520134774
      },
      "volume": 1,
      "weight": 1,
      "extra_demands": [
        1
      ],
      "time_window": [
        "2024-07-30T00:00:00",
        "2024-07-31T23:00:00"
      ],
      "unassigned_penalty": 1e+16
    },
    {
      "name": "visit_23",
      "index": 23,
      "service_time": 5,
      "coordinate": {
        "lng": 126.85566642299891,
        "lat": 37.60139618456489
      },
      "volume": 1,
      "weight": 1,
      "extra_demands": [
        1
      ],
      "time_window": [
        "2024-07-30T00:00:00",
        "2024-07-31T23:00:00"
      ],
      "unassigned_penalty": 1e+16
    },
    {
      "name": "visit_24",
      "index": 24,
      "service_time": 5,
      "coordinate": {
        "lng": 126.77905311226888,
        "lat": 37.664618476883554
      },
      "volume": 1,
      "weight": 1,
      "extra_demands": [
        1
      ],
      "time_window": [
        "2024-07-30T00:00:00",
        "2024-07-31T23:00:00"
      ],
      "unassigned_penalty": 1e+16
    },
    {
      "name": "visit_25",
      "index": 25,
      "service_time": 5,
      "coordinate": {
        "lng": 127.15536069162563,
        "lat": 37.48554503330355
      },
      "volume": 1,
      "weight": 1,
      "extra_demands": [
        1
      ],
      "time_window": [
        "2024-07-30T00:00:00",
        "2024-07-31T23:00:00"
      ],
      "unassigned_penalty": 1e+16
    },
    {
      "name": "visit_26",
      "index": 26,
      "service_time": 5,
      "coordinate": {
        "lng": 127.20320227243566,
        "lat": 37.430972117057564
      },
      "volume": 1,
      "weight": 1,
      "extra_demands": [
        1
      ],
      "time_window": [
        "2024-07-30T00:00:00",
        "2024-07-31T23:00:00"
      ],
      "unassigned_penalty": 1e+16
    },
    {
      "name": "visit_27",
      "index": 27,
      "service_time": 5,
      "coordinate": {
        "lng": 126.91398425373056,
        "lat": 37.45865420400807
      },
      "volume": 1,
      "weight": 1,
      "extra_demands": [
        1
      ],
      "time_window": [
        "2024-07-30T00:00:00",
        "2024-07-31T23:00:00"
      ],
      "unassigned_penalty": 1e+16
    },
    {
      "name": "visit_28",
      "index": 28,
      "service_time": 5,
      "coordinate": {
        "lng": 126.97511888751487,
        "lat": 37.65365572141925
      },
      "volume": 1,
      "weight": 1,
      "extra_demands": [
        1
      ],
      "time_window": [
        "2024-07-30T00:00:00",
        "2024-07-31T23:00:00"
      ],
      "unassigned_penalty": 1e+16
    },
    {
      "name": "visit_29",
      "index": 29,
      "service_time": 5,
      "coordinate": {
        "lng": 126.85753147630868,
        "lat": 37.42899605749198
      },
      "volume": 1,
      "weight": 1,
      "extra_demands": [
        1
      ],
      "time_window": [
        "2024-07-30T00:00:00",
        "2024-07-31T23:00:00"
      ],
      "unassigned_penalty": 1e+16
    },
    {
      "name": "visit_30",
      "index": 30,
      "service_time": 5,
      "coordinate": {
        "lng": 126.95061225846848,
        "lat": 37.47321297884163
      },
      "volume": 1,
      "weight": 1,
      "extra_demands": [
        1
      ],
      "time_window": [
        "2024-07-30T00:00:00",
        "2024-07-31T23:00:00"
      ],
      "unassigned_penalty": 1e+16
    }
  ],
  "vehicles": [
    {
      "name": "vehicle_1",
      "volume_capacity": 25,
      "weight_capacity": 35,
      "visit_preference": [
        3,
        0,
        2,
        2,
        3,
        1,
        3,
        2,
        3,
        0,
        3,
        3,
        0,
        1,
        2,
        0,
        2,
        2,
        3,
        3,
        1,
        1,
        1,
        3,
        0,
        1,
        0,
        1,
        3,
        2
      ],
      "fixed_cost": 100,
      "extra_capacities": [
        31
      ],
      "max_service_radius": null
    },
    {
      "name": "vehicle_2",
      "volume_capacity": 25,
      "weight_capacity": 35,
      "visit_preference": [
        1,
        3,
        2,
        3,
        0,
        1,
        3,
        3,
        1,
        1,
        1,
        2,
        0,
        3,
        0,
        1,
        1,
        2,
        2,
        2,
        3,
        3,
        0,
        0,
        0,
        2,
        3,
        3,
        2,
        3
      ],
      "fixed_cost": 200,
      "extra_capacities": [
        31
      ],
      "max_service_radius": null
    },
    {
      "name": "vehicle_3",
      "volume_capacity": 25,
      "weight_capacity": 35,
      "visit_preference": [
        3,
        0,
        0,
        3,
        0,
        3,
        3,
        3,
        1,
        0,
        2,
        3,
        1,
        3,
        1,
        3,
        0,
        1,
        1,
        0,
        3,
        3,
        0,
        3,
        3,
        1,
        1,
        2,
        2,
        1
      ],
      "fixed_cost": 300,
      "extra_capacities": [
        31
      ],
      "max_service_radius": null
    }
  ],
  "distance_matrix": {
    "car": [
      [
        0,
        35835,
        16724,
        9473,
        14555,
        11942,
        13965,
        5836,
        14545,
        20307,
        36341,
        7896,
        2637,
        25837,
        8229,
        3899,
        31226,
        6692,
        15421,
        17770,
        4034,
        2888,
        19244,
        25410,
        34810,
        8956,
        14883,
        18066,
        15381,
        24577,
        13906
      ],
      [
        35835,
        0,
        49393,
        36603,
        35176,
        46117,
        48590,
        41111,
        50067,
        17432,
        2291,
        39572,
        34977,
        60152,
        40434,
        39258,
        15234,
        29428,
        31781,
        53595,
        32169,
        33561,
        27290,
        16479,
        16594,
        44632,
        49732,
        17770,
        28984,
        11310,
        21946
      ],
      [
        16724,
        49393,
        0,
        12845,
        16054,
        18454,
        18024,
        15746,
        8095,
        32129,
        49350,
        10050,
        15922,
        11033,
        9275,
        12955,
        40545,
        21032,
        19492,
        13360,
        18711,
        17473,
        25098,
        35369,
        43431,
        13741,
        17731,
        32311,
        21727,
        38791,
        28291
      ],
      [
        9473,
        36603,
        12845,
        0,
        5598,
        19278,
        20529,
        13389,
        15736,
        19287,
        36515,
        4156,
        7014,
        23796,
        4960,
        8438,
        28063,
        9758,
        7883,
        20890,
        8503,
        7953,
        13202,
        22686,
        31172,
        14623,
        21040,
        19899,
        9399,
        26222,
        16115
      ],
      [
        14555,
        35176,
        16054,
        5598,
        0,
        24874,
        26114,
        18938,
        20620,
        17822,
        34746,
        9541,
        11938,
        27010,
        10221,
        14012,
        24691,
        12673,
        3560,
        26012,
        12505,
        12443,
        9091,
        19857,
        27431,
        20205,
        26599,
        20085,
        6219,
        25772,
        17021
      ],
      [
        11942,
        46117,
        18454,
        19278,
        24874,
        0,
        2550,
        6212,
        11284,
        31869,
        46933,
        15658,
        14208,
        22600,
        15244,
        10896,
        43036,
        18375,
        26604,
        10069,
        15911,
        14830,
        30978,
        37211,
        46665,
        5093,
        3781,
        28706,
        27037,
        34842,
        24796
      ],
      [
        13965,
        48590,
        18024,
        20529,
        26114,
        2550,
        0,
        8130,
        10310,
        34110,
        49376,
        16679,
        16055,
        20957,
        16153,
        12368,
        45177,
        20540,
        28092,
        8007,
        17987,
        16828,
        32692,
        39355,
        48773,
        5909,
        1243,
        31113,
        28726,
        37303,
        27156
      ],
      [
        5836,
        41111,
        15746,
        13389,
        18938,
        6212,
        8130,
        0,
        10869,
        26069,
        41752,
        10174,
        7998,
        22813,
        9967,
        4966,
        37059,
        12459,
        20470,
        12712,
        9864,
        8699,
        24767,
        31241,
        40646,
        3654,
        9055,
        23426,
        20829,
        29803,
        19353
      ],
      [
        14545,
        50067,
        8095,
        15736,
        20620,
        11284,
        10310,
        10869,
        0,
        33620,
        50394,
        11658,
        15089,
        11968,
        10800,
        10848,
        43483,
        20643,
        23536,
        5629,
        17918,
        16524,
        28938,
        37888,
        46742,
        7618,
        9830,
        32350,
        25105,
        38922,
        28163
      ],
      [
        20307,
        17432,
        32129,
        19287,
        17822,
        31869,
        34110,
        26069,
        33620,
        0,
        17231,
        22535,
        18803,
        43020,
        23418,
        23145,
        11495,
        13619,
        14538,
        37774,
        16304,
        17615,
        10898,
        5911,
        15259,
        29242,
        35107,
        5902,
        11710,
        8522,
        7704
      ],
      [
        36341,
        2291,
        49350,
        36515,
        34746,
        46933,
        49376,
        41752,
        50394,
        17231,
        0,
        39653,
        35327,
        60203,
        40527,
        39647,
        13579,
        29816,
        31286,
        54109,
        32572,
        33957,
        26555,
        15513,
        14610,
        45217,
        50495,
        18325,
        28529,
        12128,
        22440
      ],
      [
        7896,
        39572,
        10050,
        4156,
        9541,
        15658,
        16679,
        10174,
        11658,
        22535,
        39653,
        0,
        6264,
        20580,
        890,
        5334,
        31906,
        11008,
        12039,
        16739,
        8837,
        7732,
        17316,
        26397,
        35111,
        10784,
        17100,
        22295,
        13452,
        28810,
        18247
      ],
      [
        2637,
        34977,
        15922,
        7014,
        11938,
        14208,
        16055,
        7998,
        15089,
        18803,
        35327,
        6264,
        0,
        25748,
        6825,
        4349,
        29384,
        5560,
        12804,
        18971,
        2893,
        1559,
        16795,
        23605,
        32894,
        10628,
        16877,
        17275,
        12884,
        23855,
        13093
      ],
      [
        25837,
        60152,
        11033,
        23796,
        27010,
        22600,
        20957,
        22813,
        11968,
        43020,
        60203,
        20580,
        25748,
        0,
        19722,
        21950,
        51575,
        31197,
        30490,
        13204,
        28639,
        27292,
        36087,
        46396,
        54430,
        19566,
        20060,
        42785,
        32760,
        49338,
        38665
      ],
      [
        8229,
        40434,
        9275,
        4960,
        10221,
        15244,
        16153,
        9967,
        10800,
        23418,
        40527,
        890,
        6825,
        19722,
        0,
        5297,
        32790,
        11757,
        12830,
        15935,
        9499,
        8335,
        18151,
        27285,
        35987,
        10290,
        16525,
        23120,
        14305,
        29646,
        19054
      ],
      [
        3899,
        39258,
        12955,
        8438,
        14012,
        10896,
        12368,
        4966,
        10848,
        23145,
        39647,
        5334,
        4349,
        21950,
        5297,
        0,
        33608,
        9835,
        15743,
        14630,
        7089,
        5697,
        20364,
        27857,
        37069,
        6606,
        13041,
        21515,
        16390,
        28082,
        17328
      ],
      [
        31226,
        15234,
        40545,
        28063,
        24691,
        43036,
        45177,
        37059,
        43483,
        11495,
        13579,
        31906,
        29384,
        51575,
        32790,
        33608,
        0,
        24660,
        21146,
        48113,
        27195,
        28402,
        15640,
        5824,
        3772,
        40005,
        46110,
        16594,
        18821,
        14620,
        19186
      ],
      [
        6692,
        29428,
        21032,
        9758,
        12673,
        18375,
        20540,
        12459,
        20643,
        13619,
        29816,
        11008,
        5560,
        31197,
        11757,
        9835,
        24660,
        0,
        11935,
        24341,
        2758,
        4141,
        14159,
        18835,
        28296,
        15643,
        21509,
        11715,
        10784,
        18296,
        7535
      ],
      [
        15421,
        31781,
        19492,
        7883,
        3560,
        26604,
        28092,
        20470,
        23536,
        14538,
        31286,
        12039,
        12804,
        30490,
        12830,
        15743,
        21146,
        11935,
        0,
        28766,
        12552,
        12881,
        5607,
        16304,
        23941,
        22237,
        28696,
        17374,
        2828,
        22711,
        14762
      ],
      [
        17770,
        53595,
        13360,
        20890,
        26012,
        10069,
        8007,
        12712,
        5629,
        37774,
        54109,
        16739,
        18971,
        13204,
        15935,
        14630,
        48113,
        24341,
        28766,
        0,
        21587,
        20223,
        34033,
        42410,
        51490,
        9069,
        6973,
        35832,
        30125,
        42316,
        31676
      ],
      [
        4034,
        32169,
        18711,
        8503,
        12505,
        15911,
        17987,
        9864,
        17918,
        16304,
        32572,
        8837,
        2893,
        28639,
        9499,
        7089,
        27195,
        2758,
        12552,
        21587,
        0,
        1393,
        15697,
        21377,
        30786,
        12937,
        18916,
        14432,
        11995,
        21005,
        10245
      ],
      [
        2888,
        33561,
        17473,
        7953,
        12443,
        14830,
        16828,
        8699,
        16524,
        17615,
        33957,
        7732,
        1559,
        27292,
        8335,
        5697,
        28402,
        4141,
        12881,
        20223,
        1393,
        0,
        16430,
        22595,
        31964,
        11646,
        17721,
        15825,
        12617,
        22398,
        11638
      ],
      [
        19244,
        27290,
        25098,
        13202,
        9091,
        30978,
        32692,
        24767,
        28938,
        10898,
        26555,
        17316,
        16795,
        36087,
        18151,
        20364,
        15640,
        14159,
        5607,
        34033,
        15697,
        16430,
        0,
        11170,
        18343,
        26967,
        33404,
        15283,
        3975,
        19420,
        13976
      ],
      [
        25410,
        16479,
        35369,
        22686,
        19857,
        37211,
        39355,
        31241,
        37888,
        5911,
        15513,
        26397,
        23605,
        46396,
        27285,
        27857,
        5824,
        18835,
        16304,
        42410,
        21377,
        22595,
        11170,
        0,
        9503,
        34214,
        40294,
        11524,
        13733,
        11500,
        13590
      ],
      [
        34810,
        16594,
        43431,
        31172,
        27431,
        46665,
        48773,
        40646,
        46742,
        15259,
        14610,
        35111,
        32894,
        54430,
        35987,
        37069,
        3772,
        28296,
        23941,
        51490,
        30786,
        31964,
        18343,
        9503,
        0,
        43523,
        49686,
        20340,
        21813,
        17963,
        22955
      ],
      [
        8956,
        44632,
        13741,
        14623,
        20205,
        5093,
        5909,
        3654,
        7618,
        29242,
        45217,
        10784,
        10628,
        19566,
        10290,
        6606,
        40005,
        15643,
        22237,
        9069,
        12937,
        11646,
        26967,
        34214,
        43523,
        0,
        6461,
        26900,
        22991,
        33332,
        22781
      ],
      [
        14883,
        49732,
        17731,
        21040,
        26599,
        3781,
        1243,
        9055,
        9830,
        35107,
        50495,
        17100,
        16877,
        20060,
        16525,
        13041,
        46110,
        21509,
        28696,
        6973,
        18916,
        17721,
        33404,
        40294,
        49686,
        6461,
        0,
        32213,
        29431,
        38437,
        28229
      ],
      [
        18066,
        17770,
        32311,
        19899,
        20085,
        28706,
        31113,
        23426,
        32350,
        5902,
        18325,
        22295,
        17275,
        42785,
        23120,
        21515,
        16594,
        11715,
        17374,
        35832,
        14432,
        15825,
        15283,
        11524,
        20340,
        26900,
        32213,
        0,
        14698,
        6581,
        4187
      ],
      [
        15381,
        28984,
        21727,
        9399,
        6219,
        27037,
        28726,
        20829,
        25105,
        11710,
        28529,
        13452,
        12884,
        32760,
        14305,
        16390,
        18821,
        10784,
        2828,
        30125,
        11995,
        12617,
        3975,
        13733,
        21813,
        22991,
        29431,
        14698,
        0,
        19902,
        12368
      ],
      [
        24577,
        11310,
        38791,
        26222,
        25772,
        34842,
        37303,
        29803,
        38922,
        8522,
        12128,
        28810,
        23855,
        49338,
        29646,
        28082,
        14620,
        18296,
        22711,
        42316,
        21005,
        22398,
        19420,
        11500,
        17963,
        33332,
        38437,
        6581,
        19902,
        0,
        10762
      ],
      [
        13906,
        21946,
        28291,
        16115,
        17021,
        24796,
        27156,
        19353,
        28163,
        7704,
        22440,
        18247,
        13093,
        38665,
        19054,
        17328,
        19186,
        7535,
        14762,
        31676,
        10245,
        11638,
        13976,
        13590,
        22955,
        22781,
        28229,
        4187,
        12368,
        10762,
        0
      ]
    ]
  },
  "duration_matrix": {
    "car": [
      [
        0,
        11945,
        5574,
        3157,
        4851,
        3980,
        4655,
        1945,
        4848,
        6769,
        12113,
        2632,
        879,
        8612,
        2743,
        1299,
        10408,
        2230,
        5140,
        5923,
        1344,
        962,
        6414,
        8470,
        11603,
        2985,
        4961,
        6022,
        5127,
        8192,
        4635
      ],
      [
        11945,
        0,
        16464,
        12201,
        11725,
        15372,
        16196,
        13703,
        16689,
        5810,
        763,
        13190,
        11659,
        20050,
        13478,
        13086,
        5078,
        9809,
        10593,
        17865,
        10723,
        11187,
        9096,
        5493,
        5531,
        14877,
        16577,
        5923,
        9661,
        3770,
        7315
      ],
      [
        5574,
        16464,
        0,
        4281,
        5351,
        6151,
        6008,
        5248,
        2698,
        10709,
        16450,
        3350,
        5307,
        3677,
        3091,
        4318,
        13515,
        7010,
        6497,
        4453,
        6237,
        5824,
        8366,
        11789,
        14477,
        4580,
        5910,
        10770,
        7242,
        12930,
        9430
      ],
      [
        3157,
        12201,
        4281,
        0,
        1866,
        6426,
        6843,
        4463,
        5245,
        6429,
        12171,
        1385,
        2338,
        7932,
        1653,
        2812,
        9354,
        3252,
        2627,
        6963,
        2834,
        2651,
        4400,
        7562,
        10390,
        4874,
        7013,
        6633,
        3133,
        8740,
        5371
      ],
      [
        4851,
        11725,
        5351,
        1866,
        0,
        8291,
        8704,
        6312,
        6873,
        5940,
        11582,
        3180,
        3979,
        9003,
        3407,
        4670,
        8230,
        4224,
        1186,
        8670,
        4168,
        4147,
        3030,
        6619,
        9143,
        6735,
        8866,
        6695,
        2073,
        8590,
        5673
      ],
      [
        3980,
        15372,
        6151,
        6426,
        8291,
        0,
        850,
        2070,
        3761,
        10623,
        15644,
        5219,
        4736,
        7533,
        5081,
        3632,
        14345,
        6125,
        8868,
        3356,
        5303,
        4943,
        10326,
        12403,
        15555,
        1697,
        1260,
        9568,
        9012,
        11614,
        8265
      ],
      [
        4655,
        16196,
        6008,
        6843,
        8704,
        850,
        0,
        2710,
        3436,
        11370,
        16458,
        5559,
        5351,
        6985,
        5384,
        4122,
        15059,
        6846,
        9364,
        2669,
        5995,
        5609,
        10897,
        13118,
        16257,
        1969,
        414,
        10371,
        9575,
        12434,
        9052
      ],
      [
        1945,
        13703,
        5248,
        4463,
        6312,
        2070,
        2710,
        0,
        3623,
        8689,
        13917,
        3391,
        2666,
        7604,
        3322,
        1655,
        12353,
        4153,
        6823,
        4237,
        3288,
        2899,
        8255,
        10413,
        13548,
        1218,
        3018,
        7808,
        6943,
        9934,
        6451
      ],
      [
        4848,
        16689,
        2698,
        5245,
        6873,
        3761,
        3436,
        3623,
        0,
        11206,
        16798,
        3886,
        5029,
        3989,
        3600,
        3616,
        14494,
        6881,
        7845,
        1876,
        5972,
        5508,
        9646,
        12629,
        15580,
        2539,
        3276,
        10783,
        8368,
        12974,
        9387
      ],
      [
        6769,
        5810,
        10709,
        6429,
        5940,
        10623,
        11370,
        8689,
        11206,
        0,
        5743,
        7511,
        6267,
        14340,
        7806,
        7715,
        3831,
        4539,
        4846,
        12591,
        5434,
        5871,
        3632,
        1970,
        5086,
        9747,
        11702,
        1967,
        3903,
        2840,
        2568
      ],
      [
        12113,
        763,
        16450,
        12171,
        11582,
        15644,
        16458,
        13917,
        16798,
        5743,
        0,
        13217,
        11775,
        20067,
        13509,
        13215,
        4526,
        9938,
        10428,
        18036,
        10857,
        11319,
        8851,
        5171,
        4870,
        15072,
        16831,
        6108,
        9509,
        4042,
        7480
      ],
      [
        2632,
        13190,
        3350,
        1385,
        3180,
        5219,
        5559,
        3391,
        3886,
        7511,
        13217,
        0,
        2088,
        6860,
        296,
        1778,
        10635,
        3669,
        4013,
        5579,
        2945,
        2577,
        5772,
        8799,
        11703,
        3594,
        5700,
        7431,
        4484,
        9603,
        6082
      ],
      [
        879,
        11659,
        5307,
        2338,
        3979,
        4736,
        5351,
        2666,
        5029,
        6267,
        11775,
        2088,
        0,
        8582,
        2275,
        1449,
        9794,
        1853,
        4268,
        6323,
        964,
        519,
        5598,
        7868,
        10964,
        3542,
        5625,
        5758,
        4294,
        7951,
        4364
      ],
      [
        8612,
        20050,
        3677,
        7932,
        9003,
        7533,
        6985,
        7604,
        3989,
        14340,
        20067,
        6860,
        8582,
        0,
        6574,
        7316,
        17191,
        10399,
        10163,
        4401,
        9546,
        9097,
        12029,
        15465,
        18143,
        6522,
        6686,
        14261,
        10920,
        16446,
        12888
      ],
      [
        2743,
        13478,
        3091,
        1653,
        3407,
        5081,
        5384,
        3322,
        3600,
        7806,
        13509,
        296,
        2275,
        6574,
        0,
        1765,
        10930,
        3919,
        4276,
        5311,
        3166,
        2778,
        6050,
        9095,
        11995,
        3430,
        5508,
        7706,
        4768,
        9882,
        6351
      ],
      [
        1299,
        13086,
        4318,
        2812,
        4670,
        3632,
        4122,
        1655,
        3616,
        7715,
        13215,
        1778,
        1449,
        7316,
        1765,
        0,
        11202,
        3278,
        5247,
        4876,
        2363,
        1899,
        6788,
        9285,
        12356,
        2202,
        4347,
        7171,
        5463,
        9360,
        5776
      ],
      [
        10408,
        5078,
        13515,
        9354,
        8230,
        14345,
        15059,
        12353,
        14494,
        3831,
        4526,
        10635,
        9794,
        17191,
        10930,
        11202,
        0,
        8220,
        7048,
        16037,
        9065,
        9467,
        5213,
        1941,
        1257,
        13335,
        15370,
        5531,
        6273,
        4873,
        6395
      ],
      [
        2230,
        9809,
        7010,
        3252,
        4224,
        6125,
        6846,
        4153,
        6881,
        4539,
        9938,
        3669,
        1853,
        10399,
        3919,
        3278,
        8220,
        0,
        3978,
        8113,
        919,
        1380,
        4719,
        6278,
        9432,
        5214,
        7169,
        3905,
        3594,
        6098,
        2511
      ],
      [
        5140,
        10593,
        6497,
        2627,
        1186,
        8868,
        9364,
        6823,
        7845,
        4846,
        10428,
        4013,
        4268,
        10163,
        4276,
        5247,
        7048,
        3978,
        0,
        9588,
        4184,
        4293,
        1869,
        5434,
        7980,
        7412,
        9565,
        5791,
        942,
        7570,
        4920
      ],
      [
        5923,
        17865,
        4453,
        6963,
        8670,
        3356,
        2669,
        4237,
        1876,
        12591,
        18036,
        5579,
        6323,
        4401,
        5311,
        4876,
        16037,
        8113,
        9588,
        0,
        7195,
        6741,
        11344,
        14136,
        17163,
        3023,
        2324,
        11944,
        10041,
        14105,
        10558
      ],
      [
        1344,
        10723,
        6237,
        2834,
        4168,
        5303,
        5995,
        3288,
        5972,
        5434,
        10857,
        2945,
        964,
        9546,
        3166,
        2363,
        9065,
        919,
        4184,
        7195,
        0,
        464,
        5232,
        7125,
        10262,
        4312,
        6305,
        4810,
        3998,
        7001,
        3415
      ],
      [
        962,
        11187,
        5824,
        2651,
        4147,
        4943,
        5609,
        2899,
        5508,
        5871,
        11319,
        2577,
        519,
        9097,
        2778,
        1899,
        9467,
        1380,
        4293,
        6741,
        464,
        0,
        5476,
        7531,
        10654,
        3882,
        5907,
        5275,
        4205,
        7466,
        3879
      ],
      [
        6414,
        9096,
        8366,
        4400,
        3030,
        10326,
        10897,
        8255,
        9646,
        3632,
        8851,
        5772,
        5598,
        12029,
        6050,
        6788,
        5213,
        4719,
        1869,
        11344,
        5232,
        5476,
        0,
        3723,
        6114,
        8989,
        11134,
        5094,
        1325,
        6473,
        4658
      ],
      [
        8470,
        5493,
        11789,
        7562,
        6619,
        12403,
        13118,
        10413,
        12629,
        1970,
        5171,
        8799,
        7868,
        15465,
        9095,
        9285,
        1941,
        6278,
        5434,
        14136,
        7125,
        7531,
        3723,
        0,
        3167,
        11404,
        13431,
        3841,
        4577,
        3833,
        4530
      ],
      [
        11603,
        5531,
        14477,
        10390,
        9143,
        15555,
        16257,
        13548,
        15580,
        5086,
        4870,
        11703,
        10964,
        18143,
        11995,
        12356,
        1257,
        9432,
        7980,
        17163,
        10262,
        10654,
        6114,
        3167,
        0,
        14507,
        16562,
        6780,
        7271,
        5987,
        7651
      ],
      [
        2985,
        14877,
        4580,
        4874,
        6735,
        1697,
        1969,
        1218,
        2539,
        9747,
        15072,
        3594,
        3542,
        6522,
        3430,
        2202,
        13335,
        5214,
        7412,
        3023,
        4312,
        3882,
        8989,
